
edgefactor: 20
median_time: 2.97114360500000063e-01
median_TEPS: 4.39780314147911128e+06
edgefactor: 20
median_time: 1.30585784750000000e+00
median_TEPS: 3.99550612397864554e+06
edgefactor: 20
median_time: 6.02613573600000052e+00
median_TEPS: 3.44309019966962328e+06
